1
100.0 0
100.0 1000
100.0 2000
100.0 3000
100.0 3118
1000.0 4118
1000.0 4772
100.0 5772
100.0 6772
100.0 7772
100.0 8772
100.0 9772
100.0 10772
100.0 10798
1000.0 11798
1000.0 12798
1000.0 13798
1000.0 14798
1000.0 15798
1000.0 16798
1000.0 17798
1000.0 18798
1000.0 19798
1000.0 20798
1000.0 21798
1000.0 22798
1000.0 23798
1000.0 24798
1000.0 24998
100.0 25998
100.0 26998
100.0 27998
100.0 28998
100.0 29998
100.0 30254
1000.0 30720
100.0 31720
100.0 32720
100.0 33720
100.0 34720
100.0 35720
100.0 36720
100.0 37709
1000.0 38709
1000.0 39709
1000.0 40709
1000.0 41709
1000.0 42709
1000.0 43709
1000.0 44709
1000.0 45709
1000.0 46709
1000.0 47709
1000.0 48709
1000.0 49709
1000.0 50709
1000.0 51709
1000.0 52709
1000.0 53709
1000.0 54709
1000.0 55709
1000.0 56709
1000.0 57709
1000.0 58709
1000.0 59709
1000.0 60709
1000.0 61709
1000.0 62709
1000.0 63709
1000.0 64709
1000.0 65709
1000.0 66709
1000.0 67709
1000.0 68709
1000.0 69709
1000.0 70709
1000.0 71709
1000.0 72709
1000.0 73709
1000.0 74709
1000.0 75709
1000.0 76709
1000.0 77709
1000.0 78709
1000.0 79709
1000.0 80709
1000.0 81709
1000.0 82709
1000.0 83709
1000.0 84709
1000.0 85709
1000.0 86709
1000.0 87709
1000.0 88709
1000.0 89709
1000.0 90709
1000.0 91709
1000.0 92709
1000.0 93709
1000.0 94709
1000.0 95709
1000.0 96709
1000.0 97022
100.0 98022
100.0 99022
100.0 99287
1000.0 100287
1000.0 101287
1000.0 102287
1000.0 103287
1000.0 104287
1000.0 104913
100.0 105913
100.0 106913
100.0 107913
100.0 108913
100.0 109913
100.0 110913
100.0 111913
100.0 112913
100.0 113787
1000.0 114787
1000.0 115787
1000.0 116787
1000.0 117787
1000.0 118787
1000.0 119787
1000.0 120787
1000.0 121787
1000.0 122787
1000.0 123787
1000.0 124787
1000.0 125787
1000.0 126787
1000.0 127787
1000.0 128787
1000.0 129787
1000.0 130787
1000.0 131687
100.0 132687
100.0 133687
100.0 134687
100.0 135687
100.0 136687
100.0 137687
100.0 138687
100.0 139687
100.0 140687
100.0 141687
100.0 142687
100.0 143639
1000.0 144639
1000.0 145639
1000.0 146639
1000.0 147639
1000.0 148639
1000.0 149639
1000.0 150639
1000.0 151639
1000.0 152639
1000.0 153639
1000.0 154639
1000.0 155639
1000.0 156639
1000.0 157639
1000.0 158639
1000.0 159639
1000.0 160639
1000.0 161639
1000.0 162639
1000.0 163639
1000.0 164639
1000.0 165639
1000.0 166639
1000.0 167639
1000.0 168639
1000.0 169639
1000.0 170639
1000.0 170920
100.0 171920
100.0 172282
1000.0 173282
1000.0 174282
1000.0 175282
1000.0 176282
1000.0 177282
1000.0 178282
1000.0 179282
1000.0 180282
1000.0 181282
1000.0 181852
100.0 182852
100.0 183852
100.0 184852
100.0 185852
100.0 186852
100.0 187852
100.0 188852
100.0 189852
100.0 190852
100.0 191852
100.0 192852
100.0 193852
100.0 194852
100.0 195852
100.0 196852
100.0 197852
100.0 198852
100.0 199852
100.0 200852
100.0 201852
100.0 202823
1000.0 203823
1000.0 204823
1000.0 205823
1000.0 206823
1000.0 207823
1000.0 208823
1000.0 209823
1000.0 210823
1000.0 211823
1000.0 212823
1000.0 213823
1000.0 214823
1000.0 215823
1000.0 216077
100.0 217077
100.0 218077
100.0 219077
100.0 220077
100.0 221077
100.0 222077
100.0 223077
100.0 223358
1000.0 224358
1000.0 225358
1000.0 226358
1000.0 227358
1000.0 228358
1000.0 229358
1000.0 230358
1000.0 231358
1000.0 232358
1000.0 233358
1000.0 234358
1000.0 235358
1000.0 236358
1000.0 237358
1000.0 238358
1000.0 239358
1000.0 240358
1000.0 241358
1000.0 242358
1000.0 243358
1000.0 244358
1000.0 245358
1000.0 246358
1000.0 247358
1000.0 248358
1000.0 249358
1000.0 249888
100.0 250888
100.0 251888
100.0 252888
100.0 253888
100.0 254888
100.0 255888
100.0 256294
1000.0 257294
1000.0 258294
1000.0 259294
1000.0 260294
1000.0 261294
1000.0 262294
1000.0 263294
1000.0 264294
1000.0 265294
1000.0 266294
1000.0 267294
1000.0 268294
1000.0 269294
1000.0 270294
1000.0 271294
1000.0 272294
1000.0 273294
1000.0 274294
1000.0 275294
1000.0 276294
1000.0 277294
1000.0 278294
1000.0 279294
1000.0 280294
1000.0 281294
1000.0 282294
1000.0 283294
1000.0 284294
1000.0 285294
1000.0 286294
1000.0 286431
100.0 287431
100.0 288431
100.0 289431
100.0 290431
100.0 291431
100.0 292431
100.0 293431
100.0 294431
100.0 295431
100.0 296431
100.0 297394
1000.0 298394
1000.0 299394
1000.0 300394
1000.0 301394
1000.0 302005
100.0 302516
1000.0 303516
1000.0 304516
1000.0 305516
1000.0 306516
1000.0 307516
1000.0 308516
1000.0 309516
1000.0 310516
1000.0 311516
1000.0 312516
1000.0 313516
1000.0 314516
1000.0 314821
100.0 315821
100.0 316821
100.0 317821
100.0 318821
100.0 319821
100.0 320821
100.0 321821
100.0 322821
100.0 323821
100.0 324821
100.0 325310
1000.0 326310
1000.0 327310
1000.0 328310
1000.0 329310
1000.0 330310
1000.0 331310
1000.0 332310
1000.0 333310
1000.0 334310
1000.0 335310
1000.0 336310
1000.0 337310
1000.0 338310
1000.0 339310
1000.0 340310
1000.0 341310
1000.0 342310
1000.0 343310
1000.0 344310
1000.0 345310
1000.0 346310
1000.0 347310
1000.0 348310
1000.0 349310
1000.0 350310
1000.0 351310
1000.0 352310
1000.0 353310
1000.0 354310
1000.0 355310
1000.0 356310
1000.0 357310
1000.0 358310
1000.0 359310
1000.0 360310
1000.0 361310
1000.0 362310
1000.0 363310
1000.0 364310
1000.0 365310
1000.0 366310
1000.0 367310
1000.0 367378
100.0 368378
100.0 369378
100.0 370378
100.0 371378
100.0 372378
100.0 373378
100.0 374378
100.0 375378
100.0 376378
100.0 377378
100.0 378378
100.0 378616
1000.0 379616
1000.0 380616
1000.0 381616
1000.0 382616
1000.0 383616
1000.0 384616
1000.0 385616
1000.0 386616
1000.0 387616
1000.0 388616
1000.0 389616
1000.0 390616
1000.0 391197
100.0 392197
100.0 393197
100.0 394197
100.0 395197
100.0 396197
100.0 397197
100.0 398197
100.0 399197
100.0 400197
100.0 401197
100.0 402197
100.0 403197
100.0 404197
100.0 405197
100.0 406197
100.0 407197
100.0 407809
1000.0 408809
1000.0 409809
1000.0 410776
100.0 411776
100.0 412776
100.0 413776
100.0 414776
100.0 415776
100.0 416776
100.0 417776
100.0 418776
100.0 418788
1000.0 419788
1000.0 420788
1000.0 421788
1000.0 422788
1000.0 423788
1000.0 424788
1000.0 425788
1000.0 426788
1000.0 427788
1000.0 428788
1000.0 429788
1000.0 430788
1000.0 431788
1000.0 432788
1000.0 433462
100.0 434462
100.0 435462
100.0 436462
100.0 437462
100.0 438462
100.0 439462
100.0 440462
100.0 441168
1000.0 442168
1000.0 443168
1000.0 444168
1000.0 445168
1000.0 446168
1000.0 447168
1000.0 448168
1000.0 449168
1000.0 450168
1000.0 450758
100.0 450845
1000.0 451845
1000.0 452845
1000.0 453845
1000.0 454845
1000.0 455845
1000.0 456845
1000.0 457845
1000.0 458845
1000.0 459845
1000.0 460845
1000.0 461845
1000.0 462845
1000.0 463845
1000.0 464845
1000.0 465845
1000.0 466845
1000.0 467845
1000.0 468845
1000.0 469845
1000.0 470845
1000.0 471845
1000.0 472845
1000.0 473845
1000.0 474845
1000.0 475845
1000.0 476845
1000.0 477845
1000.0 478845
1000.0 479845
1000.0 480845
1000.0 481845
1000.0 482845
1000.0 483845
1000.0 484845
1000.0 485845
1000.0 486845
1000.0 487845
1000.0 488845
1000.0 489845
1000.0 490845
1000.0 491845
1000.0 492845
1000.0 493845
1000.0 494845
1000.0 495845
1000.0 496845
1000.0 497845
1000.0 498845
1000.0 499845
1000.0 500845
1000.0 501845
1000.0 502845
1000.0 503845
1000.0 504845
1000.0 505641
100.0 506641
100.0 507641
100.0 508371
1000.0 509371
1000.0 510371
1000.0 511371
1000.0 512371
1000.0 513346
100.0 514346
100.0 515346
100.0 516346
100.0 517346
100.0 518346
100.0 519346
100.0 520346
100.0 521346
100.0 522346
100.0 523346
100.0 524346
100.0 525346
100.0 526346
100.0 527346
100.0 528346
100.0 529346
100.0 530346
100.0 531346
100.0 531705
1000.0 532705
1000.0 533705
1000.0 534705
1000.0 535705
1000.0 536705
1000.0 537705
1000.0 538705
1000.0 539705
1000.0 540705
1000.0 541705
1000.0 542705
1000.0 542759
100.0 543759
100.0 544759
100.0 545759
100.0 546759
100.0 547759
100.0 548055
1000.0 549055
1000.0 550055
1000.0 551055
1000.0 552055
1000.0 553055
1000.0 554055
1000.0 555055
1000.0 556055
1000.0 557055
1000.0 557492
100.0 558492
100.0 559116
1000.0 560116
1000.0 561116
1000.0 562116
1000.0 563116
1000.0 564116
1000.0 565116
1000.0 566116
1000.0 567116
1000.0 568116
1000.0 568513
100.0 569513
100.0 570513
100.0 571513
100.0 572513
100.0 573513
100.0 574513
100.0 575513
100.0 576513
100.0 577513
100.0 578513
100.0 579513
100.0 580513
100.0 581452
1000.0 582012
100.0 583012
100.0 584012
100.0 585012
100.0 586012
100.0 587012
100.0 588012
100.0 589012
100.0 589343
1000.0 590343
1000.0 591343
1000.0 592343
1000.0 593343
1000.0 594343
1000.0 595343
1000.0 595639
100.0 596639
100.0 597639
100.0 598639
100.0 599639
100.0 600639
100.0 601639
100.0 602639
100.0 603639
100.0 604639
100.0 605639
100.0 606639
100.0 607639
100.0 608639
100.0 609639
100.0 610639
100.0 611639
100.0 612639
100.0 613639
100.0 613877
1000.0 614877
1000.0 615877
1000.0 616126
100.0 617126
100.0 618126
100.0 619126
100.0 620126
100.0 621126
100.0 622126
100.0 623126
100.0 624126
100.0 625126
100.0 626126
100.0 627126
100.0 628126
100.0 629126
100.0 630126
100.0 631126
100.0 632126
100.0 633126
100.0 634126
100.0 635126
100.0 636126
100.0 637126
100.0 638126
100.0 639126
100.0 640126
100.0 641126
100.0 641387
1000.0 642387
1000.0 643387
1000.0 644387
1000.0 644502
100.0 645502
100.0 646502
100.0 647502
100.0 647566
1000.0 648566
1000.0 649566
1000.0 650566
1000.0 651566
1000.0 652566
1000.0 653566
1000.0 654566
1000.0 655566
1000.0 656566
1000.0 657566
1000.0 658566
1000.0 658575
100.0 659575
100.0 660575
100.0 661575
100.0 662548
1000.0 663548
1000.0 664548
1000.0 665548
1000.0 666548
1000.0 667548
1000.0 668548
1000.0 669548
1000.0 670548
1000.0 671548
1000.0 672548
1000.0 673410
100.0 674180
1000.0 675180
1000.0 676180
1000.0 677180
1000.0 678180
1000.0 679180
1000.0 680180
1000.0 681180
1000.0 682180
1000.0 683180
1000.0 684180
1000.0 685180
1000.0 686180
1000.0 687180
1000.0 688180
1000.0 689180
1000.0 690180
1000.0 691180
1000.0 692180
1000.0 693180
1000.0 694180
1000.0 694751
100.0 695751
100.0 696751
100.0 697751
100.0 698751
100.0 699751
100.0 700751
100.0 701176
1000.0 702176
1000.0 703176
1000.0 704176
1000.0 705176
1000.0 706176
1000.0 707093
100.0 708093
100.0 709093
100.0 710093
100.0 711093
100.0 712093
100.0 713093
100.0 714093
100.0 715093
100.0 716093
100.0 717093
100.0 718093
100.0 719093
100.0 720093
100.0 721093
100.0 721317
1000.0 722317
1000.0 723317
1000.0 724317
1000.0 725317
1000.0 726317
1000.0 727317
1000.0 728317
1000.0 729317
1000.0 730317
1000.0 731317
1000.0 732317
1000.0 733317
1000.0 734317
1000.0 735317
1000.0 736317
1000.0 737317
1000.0 738317
1000.0 739317
1000.0 740061
100.0 741061
100.0 742061
100.0 743061
100.0 744061
100.0 745061
100.0 746061
100.0 746529
1000.0 747529
1000.0 748529
1000.0 749529
1000.0 750529
1000.0 751529
1000.0 752529
1000.0 753529
1000.0 754529
1000.0 755529
1000.0 756529
1000.0 757529
1000.0 758529
1000.0 759529
1000.0 760529
1000.0 761529
1000.0 761647
100.0 762647
100.0 763647
100.0 764647
100.0 765647
100.0 766647
100.0 767647
100.0 768647
100.0 769647
100.0 770077
1000.0 771077
1000.0 772077
1000.0 773077
1000.0 774077
1000.0 775077
1000.0 776077
1000.0 777077
1000.0 778077
1000.0 779077
1000.0 780077
1000.0 781077
1000.0 782077
1000.0 783077
1000.0 784077
1000.0 785077
1000.0 785635
100.0 786635
100.0 787635
100.0 788635
100.0 789635
100.0 790635
100.0 791635
100.0 792635
100.0 793635
100.0 794635
100.0 795635
100.0 796635
100.0 797635
100.0 798635
100.0 799635
100.0 800635
100.0 801635
100.0 802635
100.0 803635
100.0 804635
100.0 805635
100.0 806635
100.0 807635
100.0 807643
1000.0 808643
1000.0 809643
1000.0 810643
1000.0 811643
1000.0 812643
1000.0 813643
1000.0 814643
1000.0 815643
1000.0 816643
1000.0 817643
1000.0 818643
1000.0 819643
1000.0 820643
1000.0 821643
1000.0 822643
1000.0 823643
1000.0 824593
100.0 825593
100.0 826593
100.0 827593
100.0 827836
1000.0 828836
1000.0 829836
1000.0 830836
1000.0 831836
1000.0 832836
1000.0 833836
1000.0 834836
1000.0 835836
1000.0 836836
1000.0 837350
100.0 838350
100.0 839350
100.0 839843
1000.0 840843
1000.0 841843
1000.0 841979
100.0 842979
100.0 843979
100.0 844979
100.0 845979
100.0 846979
100.0 847979
100.0 848979
100.0 849979
100.0 850979
100.0 851443
1000.0 852443
1000.0 853443
1000.0 854443
1000.0 855443
1000.0 856443
1000.0 857443
1000.0 858443
1000.0 859443
1000.0 860356
100.0 860522
1000.0 861522
1000.0 862522
1000.0 863522
1000.0 864522
1000.0 865522
1000.0 866522
1000.0 866533
100.0 867533
100.0 868533
100.0 869533
100.0 870533
100.0 871533
100.0 872533
100.0 872892
1000.0 873892
1000.0 874892
1000.0 875892
1000.0 876892
1000.0 877892
1000.0 878892
1000.0 879892
1000.0 880892
1000.0 881892
1000.0 882892
1000.0 883892
1000.0 884892
1000.0 885892
1000.0 886892
1000.0 887892
1000.0 888892
1000.0 889892
1000.0 890892
1000.0 891892
1000.0 892892
1000.0 893892
1000.0 894892
1000.0 895892
1000.0 896780
100.0 897780
100.0 898780
100.0 899780
100.0 900780
100.0 901582
1000.0 902582
1000.0 903526
100.0 904526
100.0 905526
100.0 906025
1000.0 907025
1000.0 908025
1000.0 909025
1000.0 910025
1000.0 911025
1000.0 912025
1000.0 913025
1000.0 914025
1000.0 915025
1000.0 916025
1000.0 917025
1000.0 918025
1000.0 919025
1000.0 920025
1000.0 921025
1000.0 922025
1000.0 923025
1000.0 924025
1000.0 925025
1000.0 926025
1000.0 927025
1000.0 928025
1000.0 929025
1000.0 930025
1000.0 931025
1000.0 932025
1000.0 933025
1000.0 934025
1000.0 935025
1000.0 936025
1000.0 937025
1000.0 938025
1000.0 939025
1000.0 940025
1000.0 941025
1000.0 941331
100.0 942331
100.0 943331
100.0 944331
100.0 945331
100.0 946331
100.0 947331
100.0 947419
1000.0 948419
1000.0 948639
100.0 949101
1000.0 950101
1000.0 951101
1000.0 952101
1000.0 953101
1000.0 954101
1000.0 955101
1000.0 956101
1000.0 957101
1000.0 958101
1000.0 959101
1000.0 960101
1000.0 961101
1000.0 962101
1000.0 963101
1000.0 964101
1000.0 965101
1000.0 966101
1000.0 967101
1000.0 968101
1000.0 968664
100.0 969664
100.0 970664
100.0 971664
100.0 972664
100.0 973664
100.0 974664
100.0 975664
100.0 976664
100.0 977289
1000.0 978289
1000.0 978620
100.0 979362
1000.0 979463
100.0 980463
100.0 981273
1000.0 982273
1000.0 983273
1000.0 984273
1000.0 984927
100.0 985089
1000.0 986089
1000.0 987089
1000.0 988089
1000.0 989089
1000.0 990089
1000.0 991089
1000.0 992089
1000.0 993089
1000.0 994089
1000.0 995089
1000.0 996089
1000.0 997089
1000.0 998089
1000.0 999089
1000.0 999863
100.0 1000863
100.0 1001863
100.0 1002863
100.0 1003863
100.0 1004863
100.0 1005863
100.0 1006863
100.0 1007863
100.0 1008253
1000.0 1008940
100.0 1009940
100.0 1010940
100.0 1011940
100.0 1012940
100.0 1013940
100.0 1014940
100.0 1015940
100.0 1016940
100.0 1017940
100.0 1018940
100.0 1019940
100.0 1020940
100.0 1021940
100.0 1022940
100.0 1023940
100.0 1024940
100.0 1025940
100.0 1026683
1000.0 1027683
1000.0 1028683
1000.0 1029683
1000.0 1029972
100.0 1030861
1000.0 1031861
1000.0 1032861
1000.0 1033861
1000.0 1034861
1000.0 1035861
1000.0 1036861
1000.0 1037861
1000.0 1038861
1000.0 1039861
1000.0 1040861
1000.0 1041861
1000.0 1042861
1000.0 1043861
1000.0 1044861
1000.0 1045861
1000.0 1046861
1000.0 1047861
1000.0 1048861
1000.0 1049488
100.0 1049623
1000.0 1050623
1000.0 1051623
1000.0 1052623
1000.0 1053623
1000.0 1054623
1000.0 1055623
1000.0 1056623
1000.0 1057623
1000.0 1058623
1000.0 1059623
1000.0 1060623
1000.0 1061623
1000.0 1062623
1000.0 1063623
1000.0 1064623
1000.0 1065623
1000.0 1066623
1000.0 1067623
1000.0 1068623
1000.0 1069623
1000.0 1070623
1000.0 1071623
1000.0 1072623
1000.0 1073623
1000.0 1074623
1000.0 1075623
1000.0 1076623
1000.0 1077623
1000.0 1078623
1000.0 1079623
1000.0 1080623
1000.0 1081623
1000.0 1081723
100.0 1082723
100.0 1083723
100.0 1084723
100.0 1085723
100.0 1086270
1000.0 1087270
1000.0 1088270
1000.0 1089270
1000.0 1090270
1000.0 1091270
1000.0 1092270
1000.0 1093270
1000.0 1094151
100.0 1095151
100.0 1096151
100.0 1097151
100.0 1098151
100.0 1099151
100.0 1100151
100.0 1101151
100.0 1102151
100.0 1102368
1000.0 1103368
1000.0 1104368
1000.0 1105368
1000.0 1106368
1000.0 1107368
1000.0 1108368
1000.0 1109368
1000.0 1110368
1000.0 1111368
1000.0 1112368
1000.0 1113368
1000.0 1114368
1000.0 1115368
1000.0 1116368
1000.0 1117368
1000.0 1118368
1000.0 1119368
1000.0 1120368
1000.0 1121368
1000.0 1122368
1000.0 1123368
1000.0 1124368
1000.0 1125368
1000.0 1126368
1000.0 1127368
1000.0 1128368
1000.0 1129368
1000.0 1130368
1000.0 1131368
1000.0 1132368
1000.0 1133368
1000.0 1134368
1000.0 1135368
1000.0 1136368
1000.0 1137368
1000.0 1138368
1000.0 1139368
1000.0 1140368
1000.0 1141368
1000.0 1141422
100.0 1142422
100.0 1143422
100.0 1144422
100.0 1145422
100.0 1146422
100.0 1147422
100.0 1148422
100.0 1149422
100.0 1149847
1000.0 1150847
1000.0 1151847
1000.0 1152847
1000.0 1153847
1000.0 1154847
1000.0 1155847
1000.0 1156847
1000.0 1157847
1000.0 1158847
1000.0 1159847
1000.0 1160847
1000.0 1161847
1000.0 1162847
1000.0 1163847
1000.0 1164847
1000.0 1165847
1000.0 1166847
1000.0 1167847
1000.0 1168847
1000.0 1169847
1000.0 1170847
1000.0 1171847
1000.0 1172847
1000.0 1173847
1000.0 1174847
1000.0 1175651
100.0 1176651
100.0 1177651
100.0 1178651
100.0 1178778
1000.0 1179778
1000.0 1180778
1000.0 1181778
1000.0 1182778
1000.0 1183652
100.0 1184652
100.0 1185652
100.0 1186344
1000.0 1187344
1000.0 1188344
1000.0 1189344
1000.0 1190344
1000.0 1191344
1000.0 1192344
1000.0 1193344
1000.0 1194344
1000.0 1195344
1000.0 1196344
1000.0 1197344
1000.0 1198344
1000.0 1199344
1000.0 1200344
1000.0 1201344
1000.0 1202344
1000.0 1203344
1000.0 1204344
1000.0 1205344
1000.0 1206344
1000.0 1207344
1000.0 1208344
1000.0 1209344
1000.0 1210344
1000.0 1211344
1000.0 1212295
100.0 1213295
100.0 1214295
100.0 1215295
100.0 1216295
100.0 1217295
100.0 1218295
100.0 1218406
1000.0 1219406
1000.0 1220406
1000.0 1221406
1000.0 1222406
1000.0 1223406
1000.0 1224406
1000.0 1225406
1000.0 1226406
1000.0 1227406
1000.0 1228406
1000.0 1229406
1000.0 1230406
1000.0 1231406
1000.0 1232406
1000.0 1233406
1000.0 1234406
1000.0 1235406
1000.0 1236406
1000.0 1236935
100.0 1237935
100.0 1238935
100.0 1239935
100.0 1240482
1000.0 1241482
1000.0 1242482
1000.0 1243482
1000.0 1244482
1000.0 1245482
1000.0 1246482
1000.0 1247482
1000.0 1248482
1000.0 1249482
1000.0 1250482
1000.0 1251482
1000.0 1252482
1000.0 1253482
1000.0 1254482
1000.0 1255482
1000.0 1256482
1000.0 1257482
1000.0 1257535
100.0 1258535
100.0 1259535
100.0 1260535
100.0 1261535
100.0 1262535
100.0 1263535
100.0 1264535
100.0 1265277
1000.0 1266277
1000.0 1267277
1000.0 1268277
1000.0 1269277
1000.0 1270277
1000.0 1271277
1000.0 1272277
1000.0 1273277
1000.0 1274277
1000.0 1275277
1000.0 1276277
1000.0 1277277
1000.0 1277339
100.0 1278339
100.0 1279339
100.0 1280339
100.0 1281339
100.0 1282339
100.0 1283339
100.0 1284339
100.0 1285339
100.0 1285443
1000.0 1286443
1000.0 1287443
1000.0 1288443
1000.0 1289443
1000.0 1290443
1000.0 1291443
1000.0 1292443
1000.0 1293443
1000.0 1293907
100.0 1294907
100.0 1295907
100.0 1296907
100.0 1297907
100.0 1298907
100.0 1298986
1000.0 1299986
1000.0 1300986
1000.0 1301986
1000.0 1302986
1000.0 1303986
1000.0 1304986
1000.0 1305986
1000.0 1306986
1000.0 1307986
1000.0 1308986
1000.0 1309986
1000.0 1310986
1000.0 1311986
1000.0 1312182
100.0 1313182
100.0 1314182
100.0 1315182
100.0 1315186
1000.0 1316186
1000.0 1317186
1000.0 1318186
1000.0 1319186
1000.0 1320186
1000.0 1321186
1000.0 1322186
1000.0 1323186
1000.0 1324186
1000.0 1325186
1000.0 1326186
1000.0 1327186
1000.0 1328186
1000.0 1328724
100.0 1329724
100.0 1330724
100.0 1330795
1000.0 1331795
1000.0 1332795
1000.0 1333795
1000.0 1334795
1000.0 1335795
1000.0 1336795
1000.0 1337795
1000.0 1338795
1000.0 1339795
1000.0 1340795
1000.0 1341795
1000.0 1342795
1000.0 1343795
1000.0 1344795
1000.0 1345795
1000.0 1346795
1000.0 1347795
1000.0 1348795
1000.0 1349795
1000.0 1350795
1000.0 1351795
1000.0 1352795
1000.0 1353795
1000.0 1354795
1000.0 1355795
1000.0 1356795
1000.0 1357795
1000.0 1358795
1000.0 1359795
1000.0 1360795
1000.0 1361795
1000.0 1362795
1000.0 1363287
100.0 1364287
100.0 1364750
1000.0 1365750
1000.0 1366750
1000.0 1367750
1000.0 1368750
1000.0 1369750
1000.0 1370750
1000.0 1371750
1000.0 1372750
1000.0 1373750
1000.0 1374750
1000.0 1375750
1000.0 1376750
1000.0 1377750
1000.0 1378304
100.0 1379304
100.0 1380304
100.0 1381304
100.0 1382304
100.0 1383304
100.0 1384304
100.0 1385304
100.0 1386304
100.0 1387304
100.0 1388304
100.0 1389304
100.0 1389339
1000.0 1390339
1000.0 1391339
1000.0 1392339
1000.0 1393339
1000.0 1394339
1000.0 1395339
1000.0 1396339
1000.0 1397339
1000.0 1398339
1000.0 1399339
1000.0 1400339
1000.0 1401339
1000.0 1402339
1000.0 1403339
1000.0 1403711
100.0 1404711
100.0 1405711
100.0 1405900
1000.0 1406900
1000.0 1407900
1000.0 1408900
1000.0 1409900
1000.0 1410900
1000.0 1411900
1000.0 1412900
1000.0 1413900
1000.0 1414900
1000.0 1415900
1000.0 1416900
1000.0 1417900
1000.0 1418900
1000.0 1419900
1000.0 1420900
1000.0 1421900
1000.0 1422900
1000.0 1423900
1000.0 1424900
1000.0 1425900
1000.0 1426900
1000.0 1427900
1000.0 1428900
1000.0 1429900
1000.0 1430900
1000.0 1431900
1000.0 1432900
1000.0 1433900
1000.0 1434900
1000.0 1435900
1000.0 1436900
1000.0 1437332
100.0 1437760
1000.0 1438760
1000.0 1439760
1000.0 1440760
1000.0 1441760
1000.0 1442056
100.0 1442820
1000.0 1443820
1000.0 1444820
1000.0 1445820
1000.0 1446820
1000.0 1447820
1000.0 1448820
1000.0 1449820
1000.0 1450820
1000.0 1451820
1000.0 1452820
1000.0 1453820
1000.0 1454820
1000.0 1455820
1000.0 1456820
1000.0 1457820
1000.0 1458820
1000.0 1459820
1000.0 1460820
1000.0 1461820
1000.0 1462820
1000.0 1463820
1000.0 1464820
1000.0 1465820
1000.0 1466820
1000.0 1467820
1000.0 1468820
1000.0 1469820
1000.0 1470820
1000.0 1471820
1000.0 1472820
1000.0 1473820
1000.0 1474820
1000.0 1475820
1000.0 1476820
1000.0 1477820
1000.0 1478820
1000.0 1479820
1000.0 1480820
1000.0 1481820
1000.0 1482820
1000.0 1483820
1000.0 1484820
1000.0 1485820
1000.0 1486820
1000.0 1487820
1000.0 1488820
1000.0 1489820
1000.0 1490820
1000.0 1491820
1000.0 1492820
1000.0 1493820
1000.0 1494301
100.0 1495301
100.0 1496301
100.0 1497301
100.0 1498301
100.0 1499301
100.0 1500301
100.0 1501301
100.0 1502301
100.0 1503301
100.0 1504301
100.0 1505301
100.0 1506301
100.0 1507301
100.0 1508301
100.0 1508317
1000.0 1509317
1000.0 1510317
1000.0 1511317
1000.0 1512317
1000.0 1513317
1000.0 1514317
1000.0 1515317
1000.0 1516317
1000.0 1517317
1000.0 1518317
1000.0 1519317
1000.0 1520317
1000.0 1521317
1000.0 1522317
1000.0 1523317
1000.0 1524317
1000.0 1525317
1000.0 1526317
1000.0 1527317
1000.0 1528278
100.0 1529278
100.0 1529412
1000.0 1530412
1000.0 1531412
1000.0 1532412
1000.0 1533412
1000.0 1534412
1000.0 1535412
1000.0 1536412
1000.0 1537412
1000.0 1538412
1000.0 1538702
100.0 1539702
100.0 1540702
100.0 1541038
1000.0 1541742
100.0 1542742
100.0 1543742
100.0 1544742
100.0 1545742
100.0 1546742
100.0 1547742
100.0 1548742
100.0 1549742
100.0 1550742
100.0 1551742
100.0 1552742
100.0 1553742
100.0 1554742
100.0 1555742
100.0 1556742
100.0 1557742
100.0 1558742
100.0 1559742
100.0 1560742
100.0 1561044
1000.0 1562044
1000.0 1563044
1000.0 1564044
1000.0 1565044
1000.0 1565278
100.0 1566278
100.0 1567278
100.0 1568278
100.0 1569278
100.0 1569408
1000.0 1570408
1000.0 1571408
1000.0 1572408
1000.0 1573075
100.0 1574075
100.0 1575075
100.0 1576075
100.0 1577075
100.0 1578075
100.0 1578279
1000.0 1579279
1000.0 1580279
1000.0 1581279
1000.0 1582279
1000.0 1583279
1000.0 1584279
1000.0 1585279
1000.0 1586279
1000.0 1587279
1000.0 1588279
1000.0 1589279
1000.0 1590279
1000.0 1591279
1000.0 1592279
1000.0 1593279
1000.0 1594279
1000.0 1595279
1000.0 1596279
1000.0 1597279
1000.0 1598279
1000.0 1599279
1000.0 1600279
1000.0 1601279
1000.0 1602279
1000.0 1602857
100.0 1603274
1000.0 1604274
1000.0 1605274
1000.0 1606274
1000.0 1607274
1000.0 1608274
1000.0 1609188
100.0 1609775
1000.0 1610775
1000.0 1611775
1000.0 1612775
1000.0 1613775
1000.0 1614775
1000.0 1615775
1000.0 1616009
100.0 1617009
100.0 1618009
100.0 1619009
100.0 1619873
1000.0 1620873
1000.0 1621873
1000.0 1622873
1000.0 1623873
1000.0 1624873
1000.0 1625873
1000.0 1626873
1000.0 1627718
100.0 1628718
100.0 1629718
100.0 1629947
1000.0 1630947
1000.0 1631947
1000.0 1632947
1000.0 1633947
1000.0 1634947
1000.0 1635947
1000.0 1636947
1000.0 1637947
1000.0 1638947
1000.0 1639947
1000.0 1640947
1000.0 1641947
1000.0 1642947
1000.0 1643947
1000.0 1644499
100.0 1645499
100.0 1646499
100.0 1647499
100.0 1648499
100.0 1649499
100.0 1650499
100.0 1651499
100.0 1652499
100.0 1653499
100.0 1654499
100.0 1655499
100.0 1656499
100.0 1657499
100.0 1657608
1000.0 1658608
1000.0 1659608
1000.0 1660608
1000.0 1661608
1000.0 1662608
1000.0 1663608
1000.0 1664608
1000.0 1665608
1000.0 1666608
1000.0 1667608
1000.0 1668608
1000.0 1669608
1000.0 1670285
100.0 1671285
100.0 1672285
100.0 1673285
100.0 1674285
100.0 1675285
100.0 1676285
100.0 1677285
100.0 1678285
100.0 1679074
1000.0 1680074
1000.0 1681074
1000.0 1682074
1000.0 1683074
1000.0 1684074
1000.0 1685074
1000.0 1686074
1000.0 1687074
1000.0 1688074
1000.0 1689074
1000.0 1689751
100.0 1690751
100.0 1691751
100.0 1692662
1000.0 1693662
1000.0 1694662
1000.0 1695662
1000.0 1696662
1000.0 1697662
1000.0 1698662
1000.0 1699662
1000.0 1700662
1000.0 1701662
1000.0 1702662
1000.0 1703662
1000.0 1704662
1000.0 1705662
1000.0 1706662
1000.0 1707662
1000.0 1708662
1000.0 1709662
1000.0 1710522
100.0 1711522
100.0 1712522
100.0 1713522
100.0 1714299
1000.0 1715299
1000.0 1716299
1000.0 1717299
1000.0 1718299
1000.0 1719299
1000.0 1720299
1000.0 1721299
1000.0 1722299
1000.0 1723299
1000.0 1724299
1000.0 1725299
1000.0 1725900
100.0 1726900
100.0 1727373
1000.0 1728373
1000.0 1729373
1000.0 1730373
1000.0 1731373
1000.0 1732373
1000.0 1733373
1000.0 1734373
1000.0 1735373
1000.0 1736373
1000.0 1737373
1000.0 1738373
1000.0 1739373
1000.0 1740373
1000.0 1741373
1000.0 1742373
1000.0 1743373
1000.0 1744373
1000.0 1745373
1000.0 1746373
1000.0 1747373
1000.0 1748373
1000.0 1749373
1000.0 1750373
1000.0 1750692
100.0 1751692
100.0 1752448
1000.0 1753448
1000.0 1754448
1000.0 1755448
1000.0 1756448
1000.0 1757448
1000.0 1758448
1000.0 1759448
1000.0 1760448
1000.0 1761448
1000.0 1762448
1000.0 1763448
1000.0 1764448
1000.0 1765448
1000.0 1766448
1000.0 1767448
1000.0 1768448
1000.0 1769448
1000.0 1770448
1000.0 1771448
1000.0 1772448
1000.0 1773448
1000.0 1773528
100.0 1774528
100.0 1775528
100.0 1776528
100.0 1776585
1000.0 1777585
1000.0 1778585
1000.0 1779585
1000.0 1780585
1000.0 1781585
1000.0 1782585
1000.0 1783585
1000.0 1784585
1000.0 1785585
1000.0 1786585
1000.0 1787585
1000.0 1788585
1000.0 1789585
1000.0 1790585
1000.0 1791585
1000.0 1792585
1000.0 1793585
1000.0 1793649
100.0 1794649
100.0 1795284
1000.0 1796284
1000.0 1797284
1000.0 1798284
1000.0 1799284
1000.0 1800284
1000.0 1801284
1000.0 1802284
1000.0 1803284
1000.0 1804284
1000.0 1805284
1000.0 1806284
1000.0 1807284
1000.0 1808284
1000.0 1809284
1000.0 1810284
1000.0 1811284
1000.0 1812284
1000.0 1813284
1000.0 1814284
1000.0 1815284
1000.0 1816284
1000.0 1817284
1000.0 1817455
100.0 1818455
100.0 1819114
1000.0 1820114
1000.0 1821114
1000.0 1822114
1000.0 1823114
1000.0 1824114
1000.0 1825114
1000.0 1826114
1000.0 1826434
100.0 1826615
1000.0 1827615
1000.0 1828615
1000.0 1829615
1000.0 1830615
1000.0 1831615
1000.0 1832615
1000.0 1833615
1000.0 1834615
1000.0 1835615
1000.0 1836615
1000.0 1837615
1000.0 1838615
1000.0 1839615
1000.0 1840615
1000.0 1841615
1000.0 1842615
1000.0 1842913
100.0 1843913
100.0 1844913
100.0 1845913
100.0 1846913
100.0 1847913
100.0 1848913
100.0 1849913
100.0 1850913
100.0 1851913
100.0 1852913
100.0 1853913
100.0 1854913
100.0 1855913
100.0 1856913
100.0 1857913
100.0 1858913
100.0 1859913
100.0 1860913
100.0 1861913
100.0 1862895
1000.0 1863895
1000.0 1863903
100.0 1864903
100.0 1865903
100.0 1866903
100.0 1867903
100.0 1868903
100.0 1869265
1000.0 1870265
1000.0 1871265
1000.0 1872265
1000.0 1873265
1000.0 1874265
1000.0 1874637
100.0 1875637
100.0 1876637
100.0 1877637
100.0 1878637
100.0 1879637
100.0 1880637
100.0 1881637
100.0 1882637
100.0 1883637
100.0 1884637
100.0 1885637
100.0 1886637
100.0 1887637
100.0 1888637
100.0 1889637
100.0 1890637
100.0 1891637
100.0 1892108
1000.0 1893108
1000.0 1894108
1000.0 1895108
1000.0 1896108
1000.0 1896210
100.0 1897210
100.0 1898210
100.0 1899210
100.0 1900210
100.0 1901195
1000.0 1902195
1000.0 1903195
1000.0 1904195
1000.0 1905195
1000.0 1906195
1000.0 1907195
1000.0 1907320
100.0 1908320
100.0 1909320
100.0 1910320
100.0 1911320
100.0 1912320
100.0 1913320
100.0 1914320
100.0 1915320
100.0 1916320
100.0 1917320
100.0 1918320
100.0 1919320
100.0 1920005
1000.0 1921005
1000.0 1922005
1000.0 1923005
1000.0 1924005
1000.0 1925005
1000.0 1926005
1000.0 1927005
1000.0 1928005
1000.0 1929005
1000.0 1930005
1000.0 1931005
1000.0 1932005
1000.0 1933005
1000.0 1934005
1000.0 1935005
1000.0 1936005
1000.0 1937005
1000.0 1938005
1000.0 1939005
1000.0 1940005
1000.0 1941005
1000.0 1942005
1000.0 1943005
1000.0 1943680
100.0 1944680
100.0 1945680
100.0 1946680
100.0 1947680
100.0 1947936
1000.0 1948936
1000.0 1949936
1000.0 1950936
1000.0 1951661
100.0 1952528
1000.0 1953528
1000.0 1954528
1000.0 1955528
1000.0 1956528
1000.0 1957528
1000.0 1958528
1000.0 1959528
1000.0 1960528
1000.0 1961528
1000.0 1962528
1000.0 1963528
1000.0 1964528
1000.0 1965528
1000.0 1966528
1000.0 1967528
1000.0 1968528
1000.0 1969528
1000.0 1969893
100.0 1970893
100.0 1971893
100.0 1972111
1000.0 1973111
1000.0 1974111
1000.0 1974656
100.0 1975656
100.0 1976656
100.0 1977656
100.0 1978656
100.0 1979656
100.0 1980656
100.0 1981656
100.0 1982656
100.0 1983656
100.0 1984656
100.0 1985656
100.0 1986656
100.0 1986849
1000.0 1987849
1000.0 1988849
1000.0 1989849
1000.0 1990849
1000.0 1991849
1000.0 1992849
1000.0 1993849
1000.0 1994849
1000.0 1995849
1000.0 1996849
1000.0 1997307
100.0 1998307
100.0 1999307
100.0 2000307
100.0 2000459
1000.0 2001459
1000.0 2002459
1000.0 2003459
1000.0 2004232
100.0 2005232
100.0 2006232
100.0 2007232
100.0 2008232
100.0 2009232
100.0 2010232
100.0 2011232
100.0 2012232
100.0 2012974
1000.0 2013974
1000.0 2014974
1000.0 2015974
1000.0 2016974
1000.0 2017974
1000.0 2018974
1000.0 2019974
1000.0 2020974
1000.0 2021974
1000.0 2022974
1000.0 2023974
1000.0 2024733
100.0 2025733
100.0 2026733
100.0 2026980
1000.0 2027980
1000.0 2028980
1000.0 2029980
1000.0 2030980
1000.0 2031980
1000.0 2032980
1000.0 2033980
1000.0 2034980
1000.0 2035980
1000.0 2036980
1000.0 2037654
100.0 2038654
100.0 2039654
100.0 2040654
100.0 2041654
100.0 2042654
100.0 2042974
1000.0 2043974
1000.0 2044387
100.0 2045346
1000.0 2046346
1000.0 2047346
1000.0 2048346
1000.0 2049346
1000.0 2050346
1000.0 2051346
1000.0 2052346
1000.0 2052859
100.0 2053859
100.0 2054859
100.0 2055859
100.0 2056673
1000.0 2057673
1000.0 2058673
1000.0 2059673
1000.0 2060673
1000.0 2061106
100.0 2062106
100.0 2063106
100.0 2063213
1000.0 2064213
1000.0 2065213
1000.0 2066213
1000.0 2067213
1000.0 2068213
1000.0 2069213
1000.0 2070213
1000.0 2071213
1000.0 2072213
1000.0 2073213
1000.0 2074213
1000.0 2075213
1000.0 2076213
1000.0 2077213
1000.0 2078213
1000.0 2079213
1000.0 2080213
1000.0 2081213
1000.0 2082213
1000.0 2083213
1000.0 2084213
1000.0 2085213
1000.0 2086213
1000.0 2087213
1000.0 2087696
100.0 2088696
100.0 2089696
100.0 2089828
1000.0 2090828
1000.0 2090940
100.0 2091940
100.0 2091996
1000.0 2092996
1000.0 2093996
1000.0 2094996
1000.0 2095996
1000.0 2096996
1000.0 2097996
1000.0 2098996
1000.0 2099996
1000.0 2100996
1000.0 2101996
1000.0 2102996
1000.0 2103996
1000.0 2104996
1000.0 2105996
1000.0 2106996
1000.0 2107996
1000.0 2108996
1000.0 2109996
1000.0 2110996
1000.0 2111996
1000.0 2112996
1000.0 2113996
1000.0 2114205
100.0 2115205
100.0 2116205
100.0 2117205
100.0 2117911
1000.0 2118911
1000.0 2119911
1000.0 2120911
1000.0 2121911
1000.0 2122911
1000.0 2123911
1000.0 2124911
1000.0 2125911
1000.0 2126911
1000.0 2127911
1000.0 2128911
1000.0 2129911
1000.0 2130911
1000.0 2131911
1000.0 2132911
1000.0 2133911
1000.0 2134911
1000.0 2135911
1000.0 2136911
1000.0 2137911
1000.0 2138911
1000.0 2139911
1000.0 2140911
1000.0 2141911
1000.0 2142387
100.0 2143387
100.0 2144387
100.0 2145387
100.0 2146387
100.0 2147387
100.0 2148387
100.0 2148621
1000.0 2149621
1000.0 2150621
1000.0 2151621
1000.0 2152160
100.0 2153160
100.0 2154160
100.0 2155160
100.0 2156160
100.0 2156876
1000.0 2157876
1000.0 2158876
1000.0 2159876
1000.0 2160876
1000.0 2161824
100.0 2162824
100.0 2163150
1000.0 2164150
1000.0 2165150
1000.0 2166150
1000.0 2167150
1000.0 2168150
1000.0 2169150
1000.0 2169161
100.0 2170161
100.0 2171161
100.0 2171617
1000.0 2172617
1000.0 2173617
1000.0 2173801
100.0 2174801
100.0 2175801
100.0 2176801
100.0 2177801
100.0 2178801
100.0 2178997
1000.0 2179997
1000.0 2180844
100.0 2181844
100.0 2182844
100.0 2183844
100.0 2184844
100.0 2185844
100.0 2186844
100.0 2187303
1000.0 2188303
1000.0 2189303
1000.0 2190303
1000.0 2191303
1000.0 2192303
1000.0 2193303
1000.0 2194303
1000.0 2195303
1000.0 2196303
1000.0 2197303
1000.0 2198303
1000.0 2199303
1000.0 2200303
1000.0 2201303
1000.0 2202303
1000.0 2203303
1000.0 2204303
1000.0 2205303
1000.0 2205843
100.0 2206843
100.0 2207843
100.0 2208843
100.0 2209843
100.0 2210261
1000.0 2211261
1000.0 2212261
1000.0 2213261
1000.0 2214261
1000.0 2215261
1000.0 2216261
1000.0 2216994
100.0 2217994
100.0 2218994
100.0 2219994
100.0 2220983
1000.0 2221983
1000.0 2222983
1000.0 2223983
1000.0 2224983
1000.0 2225983
1000.0 2226983
1000.0 2227983
1000.0 2228983
1000.0 2229983
1000.0 2230983
1000.0 2231983
1000.0 2232983
1000.0 2233983
1000.0 2234983
1000.0 2235983
1000.0 2236983
1000.0 2237983
1000.0 2238983
1000.0 2239983
1000.0 2240983
1000.0 2241983
1000.0 2242983
1000.0 2243983
1000.0 2244983
1000.0 2245983
1000.0 2246983
1000.0 2247983
1000.0 2248983
1000.0 2249983
1000.0 2250983
1000.0 2251983
1000.0 2252983
1000.0 2253983
1000.0 2254983
1000.0 2255983
1000.0 2256983
1000.0 2257983
1000.0 2258983
1000.0 2259983
1000.0 2260983
1000.0 2261983
1000.0 2262983
1000.0 2263983
1000.0 2264429
100.0 2265429
100.0 2266429
100.0 2267429
100.0 2268429
100.0 2268638
1000.0 2269638
1000.0 2270638
1000.0 2271638
1000.0 2272638
1000.0 2273372
100.0 2274372
100.0 2275372
100.0 2276372
100.0 2277372
100.0 2278372
100.0 2279372
100.0 2280372
100.0 2281372
100.0 2282372
100.0 2283372
100.0 2284372
100.0 2285372
100.0 2286372
100.0 2287372
100.0 2288372
100.0 2289372
100.0 2290372
100.0 2291372
100.0 2292372
100.0 2293372
100.0 2294372
100.0 2295372
100.0 2296372
100.0 2297372
100.0 2298372
100.0 2299372
100.0 2300372
100.0 2301372
100.0 2302372
100.0 2303372
100.0 2304372
100.0 2305372
100.0 2306372
100.0 2307372
100.0 2308372
100.0 2309372
100.0 2310372
100.0 2311372
100.0 2312372
100.0 2313372
100.0 2314372
100.0 2315372
100.0 2316372
100.0 2317372
100.0 2318372
100.0 2319372
100.0 2320372
100.0 2321372
100.0 2321501
1000.0 2322501
1000.0 2323501
1000.0 2324501
1000.0 2325501
1000.0 2326501
1000.0 2327501
1000.0 2328501
1000.0 2329501
1000.0 2330501
1000.0 2331501
1000.0 2332501
1000.0 2333501
1000.0 2334501
1000.0 2335501
1000.0 2336501
1000.0 2337501
1000.0 2337886
100.0 2338886
100.0 2339886
100.0 2340886
100.0 2341886
100.0 2342376
1000.0 2343376
1000.0 2344376
1000.0 2345376
1000.0 2346376
1000.0 2347376
1000.0 2348376
1000.0 2349376
1000.0 2350376
1000.0 2351376
1000.0 2351831
100.0 2352831
100.0 2353831
100.0 2354831
100.0 2355831
100.0 2356831
100.0 2357831
100.0 2357905
1000.0 2358905
1000.0 2359905
1000.0 2360905
1000.0 2361905
1000.0 2362905
1000.0 2363838
