1
100.0 0
100.0 1000
100.0 2000
100.0 3000
100.0 4000
100.0 5000
100.0 6000
100.0 7000
100.0 8000
100.0 9000
100.0 10000
100.0 11000
100.0 12000
100.0 13000
100.0 14000
100.0 14054
1000.0 15054
1000.0 16054
1000.0 17054
1000.0 18054
1000.0 19054
1000.0 20054
1000.0 21054
1000.0 22054
1000.0 23054
1000.0 24054
1000.0 25054
1000.0 26054
1000.0 27054
1000.0 28054
1000.0 29054
1000.0 30054
1000.0 30845
100.0 31845
100.0 32845
100.0 33845
100.0 34845
100.0 35845
100.0 36061
1000.0 37061
1000.0 38061
1000.0 39061
1000.0 40061
1000.0 41061
1000.0 42061
1000.0 43061
1000.0 44061
1000.0 45061
1000.0 46061
1000.0 47061
1000.0 48061
1000.0 49061
1000.0 50061
1000.0 51061
1000.0 52061
1000.0 53061
1000.0 54061
1000.0 55061
1000.0 56061
1000.0 57061
1000.0 58061
1000.0 59061
1000.0 60061
1000.0 61061
1000.0 62061
1000.0 62310
100.0 63310
100.0 64310
100.0 65310
100.0 66310
100.0 67310
100.0 67788
1000.0 68788
1000.0 69511
100.0 70511
100.0 71511
100.0 72511
100.0 73511
100.0 74511
100.0 75511
100.0 75515
1000.0 76515
1000.0 77515
1000.0 78515
1000.0 79515
1000.0 80515
1000.0 81515
1000.0 82515
1000.0 83515
1000.0 84515
1000.0 85515
1000.0 86515
1000.0 87515
1000.0 88515
1000.0 89515
1000.0 90515
1000.0 91515
1000.0 92515
1000.0 93515
1000.0 94515
1000.0 95515
1000.0 96515
1000.0 97182
100.0 98182
100.0 99182
100.0 100182
100.0 101182
100.0 102182
100.0 103182
100.0 104182
100.0 105182
100.0 106182
100.0 107182
100.0 108182
100.0 109182
100.0 110182
100.0 110745
1000.0 111745
1000.0 112745
1000.0 113745
1000.0 114745
1000.0 115745
1000.0 116745
1000.0 117745
1000.0 118745
1000.0 119745
1000.0 120745
1000.0 121745
1000.0 122745
1000.0 123745
1000.0 124745
1000.0 125745
1000.0 126745
1000.0 127745
1000.0 128745
1000.0 129745
1000.0 130745
1000.0 131745
1000.0 132745
1000.0 133745
1000.0 134745
1000.0 135075
100.0 135272
1000.0 136272
1000.0 137272
1000.0 138272
1000.0 139272
1000.0 140272
1000.0 141272
1000.0 142272
1000.0 143272
1000.0 144272
1000.0 145272
1000.0 146272
1000.0 147272
1000.0 148272
1000.0 149272
1000.0 150272
1000.0 151272
1000.0 152272
1000.0 153272
1000.0 154272
1000.0 155272
1000.0 155757
100.0 156757
100.0 157757
100.0 158757
100.0 159757
100.0 160757
100.0 161757
100.0 162757
100.0 163757
100.0 164757
100.0 165757
100.0 166757
100.0 167757
100.0 168757
100.0 169757
100.0 170757
100.0 171757
100.0 172757
100.0 173757
100.0 174757
100.0 175757
100.0 176757
100.0 177757
100.0 178757
100.0 179757
100.0 180757
100.0 181757
100.0 182757
100.0 183757
100.0 184757
100.0 185757
100.0 186757
100.0 187757
100.0 188757
100.0 189757
100.0 190757
100.0 191757
100.0 192757
100.0 193757
100.0 194757
100.0 195757
100.0 196757
100.0 197757
100.0 198757
100.0 199757
100.0 200757
100.0 201757
100.0 202757
100.0 203757
100.0 204757
100.0 205757
100.0 206757
100.0 207314
1000.0 208314
1000.0 209314
1000.0 210314
1000.0 211314
1000.0 212314
1000.0 213314
1000.0 214314
1000.0 215314
1000.0 216314
1000.0 217314
1000.0 218314
1000.0 219314
1000.0 220314
1000.0 221314
1000.0 222314
1000.0 223314
1000.0 224314
1000.0 225314
1000.0 226314
1000.0 227314
1000.0 228314
1000.0 229314
1000.0 230314
1000.0 231314
1000.0 232314
1000.0 233314
1000.0 234314
1000.0 235314
1000.0 236314
1000.0 237314
1000.0 238314
1000.0 239314
1000.0 240314
1000.0 241314
1000.0 241701
100.0 242701
100.0 243701
100.0 244701
100.0 245701
100.0 246701
100.0 247701
100.0 248701
100.0 249701
100.0 250701
100.0 251701
100.0 252701
100.0 253701
100.0 254701
100.0 255701
100.0 256701
100.0 257701
100.0 258701
100.0 259701
100.0 259838
1000.0 260838
1000.0 261838
1000.0 262838
1000.0 263389
100.0 264389
100.0 265389
100.0 266389
100.0 267389
100.0 268273
1000.0 269273
1000.0 270273
1000.0 271273
1000.0 272273
1000.0 273273
1000.0 274188
100.0 275188
100.0 276188
100.0 277188
100.0 278188
100.0 279188
100.0 280188
100.0 281188
100.0 282188
100.0 283182
1000.0 284182
1000.0 285182
1000.0 286182
1000.0 287182
1000.0 287182
100.0 288182
100.0 289182
100.0 290182
100.0 291182
100.0 292182
100.0 293182
100.0 294182
100.0 294562
1000.0 295262
100.0 296262
100.0 297262
100.0 298262
100.0 299262
100.0 300262
100.0 301262
100.0 302262
100.0 303262
100.0 304262
100.0 305262
100.0 306262
100.0 307262
100.0 308262
100.0 309070
1000.0 310070
1000.0 311070
1000.0 312070
1000.0 313070
1000.0 313725
100.0 314725
100.0 315725
100.0 316725
100.0 317725
100.0 318725
100.0 319064
1000.0 320064
1000.0 321064
1000.0 322064
1000.0 323064
1000.0 324064
1000.0 325064
1000.0 326023
100.0 327023
100.0 328023
100.0 329023
100.0 330023
100.0 331023
100.0 332023
100.0 333023
100.0 334023
100.0 335023
100.0 336023
100.0 337023
100.0 338023
100.0 338745
1000.0 339745
1000.0 339828
100.0 340828
100.0 341828
100.0 342828
100.0 343828
100.0 344828
100.0 345828
100.0 346299
1000.0 347299
1000.0 348299
1000.0 349299
1000.0 350299
1000.0 351299
1000.0 352299
1000.0 353299
1000.0 354299
1000.0 355299
1000.0 356299
1000.0 357299
1000.0 358299
1000.0 359299
1000.0 360299
1000.0 361299
1000.0 362299
1000.0 363299
1000.0 364299
1000.0 365299
1000.0 366299
1000.0 367299
1000.0 368299
1000.0 368994
100.0 369994
100.0 370994
100.0 371994
100.0 372994
100.0 373994
100.0 374994
100.0 375994
100.0 376994
100.0 377994
100.0 378994
100.0 379994
100.0 380994
100.0 381994
100.0 382913
1000.0 383913
1000.0 384913
1000.0 385913
1000.0 386913
1000.0 387913
1000.0 388913
1000.0 389913
1000.0 390913
1000.0 391913
1000.0 392405
100.0 393405
100.0 394405
100.0 395405
100.0 396405
100.0 397405
100.0 398405
100.0 399405
100.0 400405
100.0 401405
100.0 402405
100.0 403405
100.0 404405
100.0 405251
1000.0 406251
1000.0 407251
1000.0 408251
1000.0 409251
1000.0 410251
1000.0 411251
1000.0 412251
1000.0 413251
1000.0 414251
1000.0 415251
1000.0 416002
100.0 417002
100.0 418002
100.0 419002
100.0 420002
100.0 420593
1000.0 421593
1000.0 422593
1000.0 423593
1000.0 424593
1000.0 425593
1000.0 426593
1000.0 427593
1000.0 428593
1000.0 429593
1000.0 430593
1000.0 431593
1000.0 432593
1000.0 433593
1000.0 434593
1000.0 435593
1000.0 436593
1000.0 437593
1000.0 438593
1000.0 439593
1000.0 440593
1000.0 441593
1000.0 442593
1000.0 443593
1000.0 444593
1000.0 445593
1000.0 446593
1000.0 447593
1000.0 448593
1000.0 449593
1000.0 450593
1000.0 451593
1000.0 452593
1000.0 453593
1000.0 454593
1000.0 455593
1000.0 456593
1000.0 457593
1000.0 458593
1000.0 459593
1000.0 460593
1000.0 461593
1000.0 462593
1000.0 463593
1000.0 464593
1000.0 464742
100.0 465742
100.0 466742
100.0 467742
100.0 468685
1000.0 469685
1000.0 470685
1000.0 471290
100.0 472290
100.0 473290
100.0 474290
100.0 475290
100.0 476290
100.0 476867
1000.0 477344
100.0 478344
100.0 479344
100.0 480344
100.0 480718
1000.0 481718
1000.0 482718
1000.0 483718
1000.0 484718
1000.0 485718
1000.0 486718
1000.0 487718
1000.0 488718
1000.0 489718
1000.0 490718
1000.0 491718
1000.0 492718
1000.0 493718
1000.0 494718
1000.0 495718
1000.0 496718
1000.0 497718
1000.0 498718
1000.0 499718
1000.0 500718
1000.0 501510
100.0 502510
100.0 502900
1000.0 503900
1000.0 504900
1000.0 505900
1000.0 506900
1000.0 507900
1000.0 508900
1000.0 509900
1000.0 510900
1000.0 511900
1000.0 512900
1000.0 513900
1000.0 514900
1000.0 515900
1000.0 516900
1000.0 517900
1000.0 518900
1000.0 519900
1000.0 520900
1000.0 521886
100.0 522886
100.0 523886
100.0 524886
100.0 525886
100.0 526740
1000.0 527740
1000.0 528740
1000.0 529740
1000.0 530740
1000.0 531740
1000.0 532740
1000.0 533740
1000.0 534740
1000.0 535740
1000.0 536740
1000.0 537740
1000.0 538740
1000.0 539740
1000.0 540740
1000.0 541740
1000.0 542740
1000.0 543740
1000.0 544740
1000.0 545740
1000.0 546740
1000.0 547740
1000.0 548740
1000.0 549740
1000.0 550740
1000.0 551740
1000.0 552688
100.0 553688
100.0 553776
1000.0 554776
1000.0 555776
1000.0 556776
1000.0 557776
1000.0 558776
1000.0 559776
1000.0 560038
100.0 561038
100.0 562038
100.0 562505
1000.0 563505
1000.0 564505
1000.0 565505
1000.0 566505
1000.0 567505
1000.0 568505
1000.0 569505
1000.0 570505
1000.0 571505
1000.0 572505
1000.0 573505
1000.0 574505
1000.0 575505
1000.0 576505
1000.0 577505
1000.0 578505
1000.0 578748
100.0 579234
1000.0 580234
1000.0 581234
1000.0 582234
1000.0 583234
1000.0 583425
100.0 584425
100.0 585425
100.0 585798
1000.0 586798
1000.0 587798
1000.0 588798
1000.0 589798
1000.0 590798
1000.0 591070
100.0 592070
100.0 593070
100.0 594070
100.0 595070
100.0 596070
100.0 597070
100.0 598070
100.0 599070
100.0 600070
100.0 600182
1000.0 601182
1000.0 601471
100.0 601750
1000.0 602750
1000.0 603750
1000.0 604750
1000.0 605750
1000.0 606750
1000.0 607750
1000.0 608750
1000.0 609750
1000.0 610750
1000.0 611750
1000.0 612750
1000.0 613750
1000.0 614750
1000.0 615750
1000.0 616750
1000.0 617750
1000.0 618750
1000.0 619750
1000.0 620750
1000.0 621750
1000.0 622750
1000.0 623750
1000.0 624750
1000.0 625750
1000.0 626716
100.0 627716
100.0 627960
1000.0 628960
1000.0 629960
1000.0 630960
1000.0 631833
100.0 632595
1000.0 633595
1000.0 634435
100.0 635435
100.0 636435
100.0 636821
1000.0 637821
1000.0 638821
1000.0 639821
1000.0 640821
1000.0 641821
1000.0 642821
1000.0 643821
1000.0 644821
1000.0 645821
1000.0 646821
1000.0 647709
100.0 648709
100.0 649709
100.0 650709
100.0 651709
100.0 652709
100.0 653709
100.0 654193
1000.0 655193
1000.0 656193
1000.0 657193
1000.0 658193
1000.0 659193
1000.0 660193
1000.0 661193
1000.0 662193
1000.0 663193
1000.0 664193
1000.0 665193
1000.0 666193
1000.0 667193
1000.0 668193
1000.0 669193
1000.0 670193
1000.0 671193
1000.0 672193
1000.0 673069
100.0 674069
100.0 675069
100.0 676069
100.0 677069
100.0 678069
100.0 679069
100.0 680069
100.0 681069
100.0 681669
1000.0 682669
1000.0 683669
1000.0 684669
1000.0 685669
1000.0 686669
1000.0 687669
1000.0 688669
1000.0 689669
1000.0 690669
1000.0 691669
1000.0 692669
1000.0 693669
1000.0 694669
1000.0 695669
1000.0 696669
1000.0 697669
1000.0 698669
1000.0 699669
1000.0 700669
1000.0 701669
1000.0 702669
1000.0 703669
1000.0 704669
1000.0 705669
1000.0 706669
1000.0 707508
100.0 708508
100.0 709508
100.0 710508
100.0 711508
100.0 712508
100.0 713508
100.0 714508
100.0 715508
100.0 716508
100.0 717508
100.0 718508
100.0 719508
100.0 720508
100.0 721095
1000.0 721268
100.0 722268
100.0 723268
100.0 724268
100.0 724412
1000.0 725412
1000.0 726412
1000.0 727412
1000.0 728412
1000.0 729412
1000.0 730412
1000.0 731412
1000.0 732412
1000.0 733412
1000.0 734412
1000.0 735412
1000.0 736412
1000.0 737412
1000.0 738412
1000.0 739412
1000.0 740412
1000.0 741412
1000.0 742412
1000.0 743412
1000.0 744412
1000.0 745412
1000.0 746313
100.0 746374
1000.0 746825
100.0 747825
100.0 748825
100.0 749825
100.0 750825
100.0 751825
100.0 752825
100.0 753634
1000.0 754634
1000.0 755634
1000.0 756634
1000.0 757634
1000.0 758634
1000.0 759634
1000.0 760634
1000.0 761634
1000.0 762634
1000.0 763634
1000.0 764634
1000.0 765634
1000.0 766634
1000.0 767634
1000.0 768634
1000.0 769634
1000.0 770634
1000.0 771634
1000.0 772634
1000.0 773401
100.0 774401
100.0 775401
100.0 776401
100.0 777401
100.0 778401
100.0 779401
100.0 780401
100.0 781401
100.0 782401
100.0 783401
100.0 783760
1000.0 784760
1000.0 785760
1000.0 786760
1000.0 787760
1000.0 787943
100.0 788943
100.0 789943
100.0 790943
100.0 791943
100.0 792943
100.0 793943
100.0 794943
100.0 795943
100.0 796124
1000.0 797124
1000.0 797817
100.0 798817
100.0 799817
100.0 800817
100.0 801817
100.0 802817
100.0 803817
100.0 804817
100.0 805817
100.0 806817
100.0 807817
100.0 808817
100.0 809817
100.0 810817
100.0 811817
100.0 812817
100.0 813817
100.0 814259
1000.0 815259
1000.0 816259
1000.0 817259
1000.0 818259
1000.0 819259
1000.0 820259
1000.0 821259
1000.0 822259
1000.0 823259
1000.0 824259
1000.0 825259
1000.0 826259
1000.0 827259
1000.0 827853
100.0 828853
100.0 829853
100.0 830853
100.0 831853
100.0 832679
1000.0 833460
100.0 834460
100.0 835460
100.0 836376
1000.0 837376
1000.0 838376
1000.0 839376
1000.0 840376
1000.0 841376
1000.0 842376
1000.0 843376
1000.0 844376
1000.0 845376
1000.0 846376
1000.0 847376
1000.0 848376
1000.0 849376
1000.0 849830
100.0 850552
1000.0 851552
1000.0 852552
1000.0 853552
1000.0 854552
1000.0 855552
1000.0 856552
1000.0 856720
100.0 857720
100.0 858720
100.0 859720
100.0 860720
100.0 861720
100.0 862720
100.0 863720
100.0 863911
1000.0 864911
1000.0 865911
1000.0 866911
1000.0 867911
1000.0 868911
1000.0 869911
1000.0 870911
1000.0 871911
1000.0 872911
1000.0 873911
1000.0 874911
1000.0 875911
1000.0 876911
1000.0 877911
1000.0 878911
1000.0 879911
1000.0 880911
1000.0 881911
1000.0 882911
1000.0 883911
1000.0 884911
1000.0 885911
1000.0 886911
1000.0 887911
1000.0 888612
100.0 889612
100.0 890612
100.0 891612
100.0 892612
100.0 893612
100.0 894612
100.0 895612
100.0 896096
1000.0 897096
1000.0 898096
1000.0 898376
100.0 899376
100.0 900376
100.0 901376
100.0 902376
100.0 903376
100.0 904376
100.0 905376
100.0 906376
100.0 907376
100.0 908376
100.0 909376
100.0 909848
1000.0 910848
1000.0 911848
1000.0 912848
1000.0 913848
1000.0 914848
1000.0 915848
1000.0 916848
1000.0 917848
1000.0 918848
1000.0 919848
1000.0 920848
1000.0 921848
1000.0 922848
1000.0 923848
1000.0 924731
100.0 925731
100.0 926731
100.0 927731
100.0 928731
100.0 929731
100.0 930731
100.0 931731
100.0 932731
100.0 933731
100.0 934731
100.0 935731
100.0 935963
1000.0 936963
1000.0 937963
1000.0 938963
1000.0 939963
1000.0 940667
100.0 941667
100.0 942667
100.0 943240
1000.0 944240
1000.0 944816
100.0 945816
100.0 946328
1000.0 947328
1000.0 948328
1000.0 949328
1000.0 950328
1000.0 951328
1000.0 952328
1000.0 953328
1000.0 954118
100.0 955118
100.0 956118
100.0 957118
100.0 958118
100.0 959118
100.0 960118
100.0 961118
100.0 962118
100.0 963118
100.0 964118
100.0 965118
100.0 966118
100.0 967118
100.0 968118
100.0 969118
100.0 970118
100.0 970454
1000.0 971454
1000.0 972454
1000.0 973454
1000.0 974454
1000.0 975454
1000.0 976161
100.0 977161
100.0 978161
100.0 979161
100.0 980134
1000.0 981134
1000.0 982134
1000.0 983134
1000.0 984134
1000.0 985134
1000.0 986063
100.0 987063
100.0 988063
100.0 989063
100.0 990063
100.0 991063
100.0 992063
100.0 993063
100.0 994063
100.0 995063
100.0 996063
100.0 996113
1000.0 997113
1000.0 998113
1000.0 999113
1000.0 1000113
1000.0 1001113
1000.0 1002113
1000.0 1003113
1000.0 1004113
1000.0 1005113
1000.0 1006113
1000.0 1007113
1000.0 1008113
1000.0 1009113
1000.0 1009991
100.0 1010991
100.0 1011174
1000.0 1012174
1000.0 1013174
1000.0 1014174
1000.0 1015174
1000.0 1016174
1000.0 1017174
1000.0 1018174
1000.0 1019174
1000.0 1020174
1000.0 1021174
1000.0 1022174
1000.0 1023174
1000.0 1023827
100.0 1024827
100.0 1025827
100.0 1026827
100.0 1027827
100.0 1028827
100.0 1029827
100.0 1030827
100.0 1031827
100.0 1032827
100.0 1033827
100.0 1034827
100.0 1035827
100.0 1036518
1000.0 1037518
1000.0 1038238
100.0 1039238
100.0 1040238
100.0 1041238
100.0 1042238
100.0 1043238
100.0 1044238
100.0 1045238
100.0 1046238
100.0 1047238
100.0 1048238
100.0 1049238
100.0 1050238
100.0 1051238
100.0 1052238
100.0 1053238
100.0 1053782
1000.0 1054782
1000.0 1055480
100.0 1056480
100.0 1057474
1000.0 1058474
1000.0 1059474
1000.0 1060474
1000.0 1061474
1000.0 1062474
1000.0 1063474
1000.0 1064474
1000.0 1065474
1000.0 1066474
1000.0 1067474
1000.0 1068474
1000.0 1069474
1000.0 1070474
1000.0 1071474
1000.0 1072474
1000.0 1073443
100.0 1074115
1000.0 1075115
1000.0 1076115
1000.0 1077115
1000.0 1078115
1000.0 1079115
1000.0 1080115
1000.0 1081115
1000.0 1082115
1000.0 1083115
1000.0 1084115
1000.0 1085115
1000.0 1086115
1000.0 1087115
1000.0 1088115
1000.0 1089115
1000.0 1090115
1000.0 1091115
1000.0 1092115
1000.0 1093115
1000.0 1094115
1000.0 1095115
1000.0 1096115
1000.0 1097115
1000.0 1098063
100.0 1099063
100.0 1100063
100.0 1101063
100.0 1102063
100.0 1103063
100.0 1103807
1000.0 1103873
100.0 1104873
100.0 1105873
100.0 1106873
100.0 1107873
100.0 1108873
100.0 1109873
100.0 1110873
100.0 1111019
1000.0 1112019
1000.0 1113019
1000.0 1114019
1000.0 1115019
1000.0 1116019
1000.0 1117019
1000.0 1118019
1000.0 1118908
100.0 1119908
100.0 1120908
100.0 1121908
100.0 1122908
100.0 1123908
100.0 1123997
1000.0 1124914
100.0 1125914
100.0 1126914
100.0 1127914
100.0 1128914
100.0 1129914
100.0 1130914
100.0 1131914
100.0 1132914
100.0 1133914
100.0 1134742
1000.0 1134811
100.0 1135811
100.0 1136811
100.0 1137811
100.0 1138811
100.0 1139811
100.0 1140811
100.0 1141811
100.0 1142811
100.0 1143811
100.0 1144811
100.0 1145811
100.0 1146811
100.0 1147811
100.0 1148811
100.0 1149811
100.0 1150047
1000.0 1151047
1000.0 1152047
1000.0 1153047
1000.0 1154047
1000.0 1154663
100.0 1155663
100.0 1156663
100.0 1157663
100.0 1158663
100.0 1159663
100.0 1160663
100.0 1161663
100.0 1162663
100.0 1163663
100.0 1164663
100.0 1165663
100.0 1166663
100.0 1167663
100.0 1168663
100.0 1169663
100.0 1169697
1000.0 1169751
100.0 1170751
100.0 1171751
100.0 1172413
1000.0 1173413
1000.0 1174413
1000.0 1175413
1000.0 1176413
1000.0 1177413
1000.0 1178413
1000.0 1179413
1000.0 1180413
1000.0 1181413
1000.0 1182413
1000.0 1183413
1000.0 1184413
1000.0 1185413
1000.0 1186413
1000.0 1187413
1000.0 1188413
1000.0 1188714
100.0 1189714
100.0 1190714
100.0 1191714
100.0 1192714
100.0 1193714
100.0 1194714
100.0 1195714
100.0 1195938
1000.0 1196938
1000.0 1197938
1000.0 1198938
1000.0 1199938
1000.0 1200938
1000.0 1201938
1000.0 1202938
1000.0 1203938
1000.0 1204938
1000.0 1205938
1000.0 1206938
1000.0 1207938
1000.0 1208938
1000.0 1209938
1000.0 1210938
1000.0 1211938
1000.0 1212938
1000.0 1213938
1000.0 1214938
1000.0 1215938
1000.0 1216938
1000.0 1217938
1000.0 1218938
1000.0 1219938
1000.0 1220938
1000.0 1221938
1000.0 1222938
1000.0 1223938
1000.0 1224938
1000.0 1225938
1000.0 1226938
1000.0 1227938
1000.0 1228938
1000.0 1229938
1000.0 1230938
1000.0 1231938
1000.0 1232938
1000.0 1233938
1000.0 1234938
1000.0 1235938
1000.0 1236938
1000.0 1237938
1000.0 1238938
1000.0 1239938
1000.0 1240577
100.0 1241049
1000.0 1242049
1000.0 1243049
1000.0 1244049
1000.0 1245049
1000.0 1246049
1000.0 1247049
1000.0 1248049
1000.0 1249049
1000.0 1250049
1000.0 1251049
1000.0 1252049
1000.0 1253049
1000.0 1254049
1000.0 1255049
1000.0 1256049
1000.0 1257049
1000.0 1258049
1000.0 1259049
1000.0 1260049
1000.0 1261049
1000.0 1262049
1000.0 1263049
1000.0 1264049
1000.0 1264206
100.0 1265151
1000.0 1266059
100.0 1267059
100.0 1268059
100.0 1269059
100.0 1270059
100.0 1271059
100.0 1272059
100.0 1273059
100.0 1274059
100.0 1275059
100.0 1276059
100.0 1276170
1000.0 1277170
1000.0 1278170
1000.0 1279170
1000.0 1280170
1000.0 1281170
1000.0 1282170
1000.0 1283170
1000.0 1284170
1000.0 1285170
1000.0 1286170
1000.0 1287170
1000.0 1288170
1000.0 1289170
1000.0 1290170
1000.0 1291170
1000.0 1292170
1000.0 1293170
1000.0 1294170
1000.0 1295170
1000.0 1296170
1000.0 1297170
1000.0 1298170
1000.0 1299170
1000.0 1300170
1000.0 1301170
1000.0 1302170
1000.0 1303170
1000.0 1304170
1000.0 1305170
1000.0 1306170
1000.0 1306649
100.0 1307649
100.0 1308649
100.0 1309649
100.0 1310649
100.0 1311649
100.0 1312649
100.0 1313649
100.0 1314649
100.0 1314826
1000.0 1315826
1000.0 1316826
1000.0 1317566
100.0 1318566
100.0 1319566
100.0 1320566
100.0 1321566
100.0 1322566
100.0 1323566
100.0 1324566
100.0 1325566
100.0 1326566
100.0 1326988
1000.0 1327988
1000.0 1328988
1000.0 1329988
1000.0 1330901
100.0 1331901
100.0 1332901
100.0 1333901
100.0 1334901
100.0 1335901
100.0 1336901
100.0 1337901
100.0 1338901
100.0 1339901
100.0 1340456
1000.0 1341456
1000.0 1342456
1000.0 1343456
1000.0 1343684
100.0 1344684
100.0 1345684
100.0 1346684
100.0 1347684
100.0 1348684
100.0 1349684
100.0 1350684
100.0 1351684
100.0 1352684
100.0 1353684
100.0 1354684
100.0 1355684
100.0 1356684
100.0 1357684
100.0 1358684
100.0 1359684
100.0 1360684
100.0 1361684
100.0 1362590
1000.0 1363590
1000.0 1364590
1000.0 1365590
1000.0 1366590
1000.0 1367590
1000.0 1368590
1000.0 1369590
1000.0 1370590
1000.0 1371590
1000.0 1372590
1000.0 1373590
1000.0 1374590
1000.0 1374613
100.0 1375613
100.0 1376613
100.0 1376671
1000.0 1377671
1000.0 1378671
1000.0 1379671
1000.0 1380671
1000.0 1381671
1000.0 1382671
1000.0 1383671
1000.0 1384671
1000.0 1385671
1000.0 1386671
1000.0 1387671
1000.0 1388671
1000.0 1389671
1000.0 1390616
100.0 1391616
100.0 1392616
100.0 1393616
100.0 1394386
1000.0 1395386
1000.0 1396386
1000.0 1397386
1000.0 1398386
1000.0 1399386
1000.0 1400386
1000.0 1401386
1000.0 1402386
1000.0 1403386
1000.0 1403836
100.0 1404836
100.0 1405836
100.0 1406836
100.0 1407836
100.0 1408836
100.0 1409836
100.0 1410128
1000.0 1411128
1000.0 1412128
1000.0 1413128
1000.0 1414128
1000.0 1415128
1000.0 1416128
1000.0 1417128
1000.0 1418128
1000.0 1419128
1000.0 1420128
1000.0 1421081
100.0 1422081
100.0 1423081
100.0 1424081
100.0 1425081
100.0 1426081
100.0 1427081
100.0 1428081
100.0 1428806
1000.0 1429806
1000.0 1430806
1000.0 1431806
1000.0 1432806
1000.0 1433806
1000.0 1434806
1000.0 1435806
1000.0 1436806
1000.0 1437806
1000.0 1438806
1000.0 1439806
1000.0 1440806
1000.0 1441806
1000.0 1442806
1000.0 1443806
1000.0 1444806
1000.0 1445806
1000.0 1446806
1000.0 1447806
1000.0 1448806
1000.0 1449806
1000.0 1450806
1000.0 1451806
1000.0 1452806
1000.0 1453806
1000.0 1454806
1000.0 1455806
1000.0 1456806
1000.0 1457806
1000.0 1458806
1000.0 1459806
1000.0 1460806
1000.0 1461806
1000.0 1462806
1000.0 1463806
1000.0 1464806
1000.0 1465806
1000.0 1466806
1000.0 1467806
1000.0 1468806
1000.0 1469806
1000.0 1470806
1000.0 1471806
1000.0 1472806
1000.0 1473017
100.0 1474017
100.0 1474736
1000.0 1475736
1000.0 1476736
1000.0 1477736
1000.0 1478736
1000.0 1479736
1000.0 1480736
1000.0 1481736
1000.0 1482736
1000.0 1483736
1000.0 1484736
1000.0 1485736
1000.0 1486736
1000.0 1487736
1000.0 1488736
1000.0 1489736
1000.0 1490736
1000.0 1491228
100.0 1491568
1000.0 1492568
1000.0 1493143
100.0 1494143
100.0 1495143
100.0 1496143
100.0 1497143
100.0 1498143
100.0 1499143
100.0 1500143
100.0 1501143
100.0 1502143
100.0 1503143
100.0 1504143
100.0 1505143
100.0 1506143
100.0 1507143
100.0 1508143
100.0 1509143
100.0 1510143
100.0 1511143
100.0 1512143
100.0 1513143
100.0 1514143
100.0 1515143
100.0 1516143
100.0 1517143
100.0 1518143
100.0 1519143
100.0 1520143
100.0 1521143
100.0 1522143
100.0 1522942
1000.0 1523942
1000.0 1524942
1000.0 1525942
1000.0 1526942
1000.0 1527942
1000.0 1528942
1000.0 1529942
1000.0 1530942
1000.0 1531942
1000.0 1532942
1000.0 1533942
1000.0 1534942
1000.0 1535942
1000.0 1536942
1000.0 1537942
1000.0 1538942
1000.0 1539942
1000.0 1540942
1000.0 1541942
1000.0 1542942
1000.0 1543942
1000.0 1544942
1000.0 1545942
1000.0 1546942
1000.0 1547942
1000.0 1548942
1000.0 1549942
1000.0 1550942
1000.0 1551942
1000.0 1552942
1000.0 1553942
1000.0 1554942
1000.0 1555942
1000.0 1556942
1000.0 1557942
1000.0 1558942
1000.0 1559942
1000.0 1560942
1000.0 1561942
1000.0 1562942
1000.0 1563942
1000.0 1564061
100.0 1565061
100.0 1566061
100.0 1567061
100.0 1568061
100.0 1568388
1000.0 1569388
1000.0 1570388
1000.0 1571388
1000.0 1572388
1000.0 1573388
1000.0 1574388
1000.0 1575388
1000.0 1576388
1000.0 1576538
100.0 1577538
100.0 1578538
100.0 1579538
100.0 1580538
100.0 1581538
100.0 1582538
100.0 1583538
100.0 1584538
100.0 1585538
100.0 1586538
100.0 1587538
100.0 1588538
100.0 1589538
100.0 1590538
100.0 1591538
100.0 1591759
1000.0 1592612
100.0 1593612
100.0 1594188
1000.0 1595188
1000.0 1596188
1000.0 1597188
1000.0 1598188
1000.0 1599188
1000.0 1600188
1000.0 1601188
1000.0 1602188
1000.0 1603188
1000.0 1604188
1000.0 1605188
1000.0 1606188
1000.0 1607188
1000.0 1608188
1000.0 1609188
1000.0 1610188
1000.0 1611188
1000.0 1612188
1000.0 1613188
1000.0 1614188
1000.0 1615010
100.0 1616010
100.0 1617010
100.0 1618010
100.0 1618963
1000.0 1619963
1000.0 1620963
1000.0 1621963
1000.0 1622963
1000.0 1623963
1000.0 1624963
1000.0 1625963
1000.0 1626963
1000.0 1627963
1000.0 1628963
1000.0 1629963
1000.0 1630963
1000.0 1631963
1000.0 1632963
1000.0 1633963
1000.0 1634963
1000.0 1635963
1000.0 1636963
1000.0 1637963
1000.0 1638963
1000.0 1639963
1000.0 1640963
1000.0 1641963
1000.0 1642963
1000.0 1643418
100.0 1644418
100.0 1645418
100.0 1646418
100.0 1647418
100.0 1648418
100.0 1649418
100.0 1650418
100.0 1651418
100.0 1652418
100.0 1653418
100.0 1654418
100.0 1655418
100.0 1656418
100.0 1657418
100.0 1658418
100.0 1659418
100.0 1660418
100.0 1660460
1000.0 1661338
100.0 1662338
100.0 1663338
100.0 1664338
100.0 1665338
100.0 1666338
100.0 1667338
100.0 1668338
100.0 1669338
100.0 1670338
100.0 1671338
100.0 1672338
100.0 1673338
100.0 1674338
100.0 1675338
100.0 1676338
100.0 1677338
100.0 1678338
100.0 1679338
100.0 1680338
100.0 1680727
1000.0 1681727
1000.0 1682727
1000.0 1683727
1000.0 1684727
1000.0 1685727
1000.0 1686727
1000.0 1687727
1000.0 1688727
1000.0 1689300
100.0 1690300
100.0 1691300
100.0 1692300
100.0 1693300
100.0 1694300
100.0 1695300
100.0 1696300
100.0 1697300
100.0 1698300
100.0 1699300
100.0 1700300
100.0 1700425
1000.0 1701425
1000.0 1702425
1000.0 1703425
1000.0 1704425
1000.0 1705425
1000.0 1706425
1000.0 1707425
1000.0 1708425
1000.0 1709425
1000.0 1710425
1000.0 1711425
1000.0 1712425
1000.0 1713425
1000.0 1714425
1000.0 1715425
1000.0 1716425
1000.0 1717425
1000.0 1718425
1000.0 1719425
1000.0 1720425
1000.0 1720934
100.0 1721934
100.0 1722934
100.0 1723934
100.0 1724934
100.0 1725934
100.0 1726934
100.0 1727934
100.0 1728934
100.0 1729934
100.0 1730934
100.0 1731923
1000.0 1732923
1000.0 1733923
1000.0 1734923
1000.0 1735923
1000.0 1736923
1000.0 1737923
1000.0 1738923
1000.0 1739923
1000.0 1740923
1000.0 1741923
1000.0 1742923
1000.0 1743923
1000.0 1744923
1000.0 1745923
1000.0 1746923
1000.0 1747923
1000.0 1748923
1000.0 1749923
1000.0 1750654
100.0 1751654
100.0 1751786
1000.0 1752786
1000.0 1753786
1000.0 1754786
1000.0 1755786
1000.0 1756786
1000.0 1757786
1000.0 1758786
1000.0 1759786
1000.0 1760786
1000.0 1761786
1000.0 1762786
1000.0 1763067
100.0 1764067
100.0 1765067
100.0 1766067
100.0 1767067
100.0 1768067
100.0 1769067
100.0 1770067
100.0 1771067
100.0 1772067
100.0 1772311
1000.0 1773311
1000.0 1774311
1000.0 1775262
100.0 1776262
100.0 1777262
100.0 1778262
100.0 1779262
100.0 1780262
100.0 1781262
100.0 1782262
100.0 1783230
1000.0 1784230
1000.0 1785230
1000.0 1786230
1000.0 1786337
100.0 1787131
1000.0 1788131
1000.0 1789131
1000.0 1790131
1000.0 1791131
1000.0 1792131
1000.0 1793131
1000.0 1794131
1000.0 1795131
1000.0 1796131
1000.0 1797131
1000.0 1798131
1000.0 1799131
1000.0 1800131
1000.0 1801131
1000.0 1802131
1000.0 1803131
1000.0 1804131
1000.0 1805131
1000.0 1806131
1000.0 1807131
1000.0 1808131
1000.0 1809131
1000.0 1810131
1000.0 1811131
1000.0 1812131
1000.0 1813131
1000.0 1814131
1000.0 1815131
1000.0 1815267
100.0 1815894
1000.0 1816894
1000.0 1817894
1000.0 1818894
1000.0 1819894
1000.0 1820894
1000.0 1821894
1000.0 1822894
1000.0 1823894
1000.0 1824894
1000.0 1825894
1000.0 1826894
1000.0 1827894
1000.0 1828894
1000.0 1829894
1000.0 1830894
1000.0 1831894
1000.0 1832894
1000.0 1833894
1000.0 1834894
1000.0 1835894
1000.0 1836894
1000.0 1837483
100.0 1838483
100.0 1839483
100.0 1840483
100.0 1841483
100.0 1842483
100.0 1842973
1000.0 1843973
1000.0 1844973
1000.0 1845973
1000.0 1846266
100.0 1847266
100.0 1848266
100.0 1849266
100.0 1849535
1000.0 1850535
1000.0 1851535
1000.0 1852535
1000.0 1853535
1000.0 1854535
1000.0 1855535
1000.0 1856535
1000.0 1857535
1000.0 1858535
1000.0 1858848
100.0 1859437
1000.0 1860437
1000.0 1861437
1000.0 1862372
100.0 1863372
100.0 1864372
100.0 1865372
100.0 1866372
100.0 1867372
100.0 1868360
1000.0 1869360
1000.0 1870360
1000.0 1871360
1000.0 1872360
1000.0 1872979
100.0 1873979
100.0 1874979
100.0 1875979
100.0 1876979
100.0 1877979
100.0 1878979
100.0 1879979
100.0 1880979
100.0 1881166
1000.0 1881182
100.0 1882182
100.0 1883182
100.0 1884182
100.0 1885182
100.0 1886182
100.0 1887182
100.0 1888182
100.0 1889182
100.0 1889285
1000.0 1890285
1000.0 1890499
100.0 1891499
100.0 1892499
100.0 1893499
100.0 1894499
100.0 1895499
100.0 1896499
100.0 1897499
100.0 1898499
100.0 1899499
100.0 1900499
100.0 1901306
1000.0 1902306
1000.0 1903306
1000.0 1904306
1000.0 1905306
1000.0 1906306
1000.0 1907306
1000.0 1908306
1000.0 1909306
1000.0 1910306
1000.0 1911306
1000.0 1912306
1000.0 1913306
1000.0 1914306
1000.0 1915306
1000.0 1916306
1000.0 1917306
1000.0 1917670
100.0 1918670
100.0 1919670
100.0 1920670
100.0 1921670
100.0 1922670
100.0 1923670
100.0 1924670
100.0 1925670
100.0 1925907
1000.0 1926907
1000.0 1927085
100.0 1928085
100.0 1929085
100.0 1930085
100.0 1931085
100.0 1932085
100.0 1932938
1000.0 1933938
1000.0 1934938
1000.0 1935938
1000.0 1936938
1000.0 1937938
1000.0 1938938
1000.0 1939938
1000.0 1940938
1000.0 1941938
1000.0 1941997
100.0 1942706
1000.0 1943706
1000.0 1944706
1000.0 1945706
1000.0 1946706
1000.0 1947706
1000.0 1948706
1000.0 1949706
1000.0 1950706
1000.0 1951706
1000.0 1952706
1000.0 1953706
1000.0 1954706
1000.0 1955706
1000.0 1956706
1000.0 1957706
1000.0 1958706
1000.0 1959706
1000.0 1960706
1000.0 1961706
1000.0 1962706
1000.0 1963706
1000.0 1964706
1000.0 1965706
1000.0 1966685
100.0 1967685
100.0 1968685
100.0 1969685
100.0 1969890
1000.0 1970785
100.0 1971785
100.0 1972785
100.0 1973785
100.0 1974785
100.0 1975785
100.0 1976785
100.0 1977785
100.0 1978785
100.0 1979785
100.0 1980785
100.0 1981785
100.0 1982785
100.0 1983282
1000.0 1984282
1000.0 1985282
1000.0 1986282
1000.0 1987282
1000.0 1988282
1000.0 1989282
1000.0 1990282
1000.0 1991282
1000.0 1992282
1000.0 1993282
1000.0 1994282
1000.0 1995282
1000.0 1996282
1000.0 1997282
1000.0 1998282
1000.0 1999282
1000.0 2000282
1000.0 2001282
1000.0 2002282
1000.0 2003282
1000.0 2004282
1000.0 2005282
1000.0 2006282
1000.0 2007282
1000.0 2008282
1000.0 2009282
1000.0 2010282
1000.0 2011282
1000.0 2012282
1000.0 2013282
1000.0 2014282
1000.0 2015282
1000.0 2016282
1000.0 2017282
1000.0 2018282
1000.0 2019282
1000.0 2020282
1000.0 2021282
1000.0 2022282
1000.0 2023282
1000.0 2024282
1000.0 2025282
1000.0 2026282
1000.0 2027282
1000.0 2028282
1000.0 2029282
1000.0 2030282
1000.0 2031282
1000.0 2032282
1000.0 2033282
1000.0 2034282
1000.0 2035282
1000.0 2036282
1000.0 2036659
100.0 2036674
1000.0 2037674
1000.0 2038674
1000.0 2039674
1000.0 2040674
1000.0 2041674
1000.0 2042674
1000.0 2043674
1000.0 2044674
1000.0 2045674
1000.0 2046674
1000.0 2047674
1000.0 2048674
1000.0 2049674
1000.0 2050674
1000.0 2051674
1000.0 2052674
1000.0 2053674
1000.0 2054674
1000.0 2055674
1000.0 2056242
100.0 2057242
100.0 2057765
1000.0 2058765
1000.0 2059765
1000.0 2060765
1000.0 2061765
1000.0 2062765
1000.0 2063765
1000.0 2064765
1000.0 2065765
1000.0 2066765
1000.0 2067765
1000.0 2068765
1000.0 2069765
1000.0 2070765
1000.0 2071765
1000.0 2072765
1000.0 2073765
1000.0 2074765
1000.0 2075765
1000.0 2076765
1000.0 2077765
1000.0 2078765
1000.0 2079765
1000.0 2080765
1000.0 2081765
1000.0 2082765
1000.0 2083765
1000.0 2084765
1000.0 2085765
1000.0 2086765
1000.0 2087765
1000.0 2088765
1000.0 2089765
1000.0 2090765
1000.0 2091765
1000.0 2092765
1000.0 2093765
1000.0 2094765
1000.0 2095765
1000.0 2096765
1000.0 2097765
1000.0 2098765
1000.0 2099765
1000.0 2100765
1000.0 2101765
1000.0 2102765
1000.0 2103765
1000.0 2104765
1000.0 2105765
1000.0 2106765
1000.0 2107765
1000.0 2108765
1000.0 2109765
1000.0 2110765
1000.0 2111765
1000.0 2112765
1000.0 2113765
1000.0 2114765
1000.0 2115765
1000.0 2116765
1000.0 2117765
1000.0 2118765
1000.0 2119765
1000.0 2120504
100.0 2121504
100.0 2122504
100.0 2123504
100.0 2124504
100.0 2125504
100.0 2126504
100.0 2127504
100.0 2128504
100.0 2129504
100.0 2130282
1000.0 2131282
1000.0 2132282
1000.0 2133282
1000.0 2134282
1000.0 2135282
1000.0 2136282
1000.0 2137282
1000.0 2138282
1000.0 2139282
1000.0 2140282
1000.0 2141282
1000.0 2142282
1000.0 2143282
1000.0 2144282
1000.0 2145282
1000.0 2146282
1000.0 2147282
1000.0 2148282
1000.0 2149282
1000.0 2150282
1000.0 2151282
1000.0 2152282
1000.0 2153282
1000.0 2154282
1000.0 2155282
1000.0 2156282
1000.0 2157282
1000.0 2158282
1000.0 2158705
100.0 2159705
100.0 2160705
100.0 2160819
1000.0 2161819
1000.0 2162323
100.0 2163323
100.0 2164323
100.0 2165323
100.0 2166323
100.0 2167323
100.0 2168323
100.0 2168628
1000.0 2169628
1000.0 2170628
1000.0 2171628
1000.0 2172628
1000.0 2173628
1000.0 2174628
1000.0 2175628
1000.0 2176628
1000.0 2177628
1000.0 2178628
1000.0 2178638
100.0 2179638
100.0 2180638
100.0 2181638
100.0 2182244
1000.0 2183244
1000.0 2184244
1000.0 2185244
1000.0 2186244
1000.0 2187244
1000.0 2187424
100.0 2188424
100.0 2189424
100.0 2190424
100.0 2191424
100.0 2191991
1000.0 2192991
1000.0 2193991
1000.0 2194991
1000.0 2195991
1000.0 2196991
1000.0 2197991
1000.0 2198991
1000.0 2199991
1000.0 2200991
1000.0 2201991
1000.0 2202991
1000.0 2203991
1000.0 2204991
1000.0 2205991
1000.0 2206991
1000.0 2207991
1000.0 2208991
1000.0 2209991
1000.0 2210991
1000.0 2211991
1000.0 2212991
1000.0 2213991
1000.0 2214991
1000.0 2215991
1000.0 2216754
100.0 2217754
100.0 2218754
100.0 2218993
1000.0 2219993
1000.0 2220993
1000.0 2221993
1000.0 2222993
1000.0 2223319
100.0 2224319
100.0 2225319
100.0 2226319
100.0 2227319
100.0 2228319
100.0 2229319
100.0 2230319
100.0 2231183
1000.0 2232183
1000.0 2233183
1000.0 2234183
1000.0 2235183
1000.0 2235869
100.0 2236869
100.0 2237869
100.0 2238869
100.0 2239869
100.0 2240869
100.0 2241869
100.0 2242869
100.0 2243869
100.0 2244869
100.0 2245869
100.0 2246869
100.0 2247869
100.0 2248869
100.0 2249407
1000.0 2250407
1000.0 2251407
1000.0 2252407
1000.0 2253407
1000.0 2253840
100.0 2254840
100.0 2255840
100.0 2256059
1000.0 2257059
1000.0 2258059
1000.0 2259059
1000.0 2260059
1000.0 2261059
1000.0 2262059
1000.0 2263059
1000.0 2264059
1000.0 2265059
1000.0 2266059
1000.0 2267059
1000.0 2268059
1000.0 2269059
1000.0 2270059
1000.0 2271059
1000.0 2272059
1000.0 2273059
1000.0 2274059
1000.0 2275059
1000.0 2276059
1000.0 2277059
1000.0 2278059
1000.0 2279059
1000.0 2280059
1000.0 2281059
1000.0 2282059
1000.0 2283059
1000.0 2284059
1000.0 2285059
1000.0 2286059
1000.0 2287059
1000.0 2288059
1000.0 2288073
100.0 2289073
100.0 2289907
1000.0 2290907
1000.0 2291907
1000.0 2292907
1000.0 2293907
1000.0 2294907
1000.0 2295907
1000.0 2296907
1000.0 2297907
1000.0 2298907
1000.0 2299907
1000.0 2300907
1000.0 2301907
1000.0 2302090
100.0 2303090
100.0 2304090
100.0 2305090
100.0 2305641
1000.0 2306641
1000.0 2307641
1000.0 2308641
1000.0 2309641
1000.0 2310641
1000.0 2311641
1000.0 2312641
1000.0 2313641
1000.0 2314641
1000.0 2315641
1000.0 2316641
1000.0 2317641
1000.0 2318641
1000.0 2319641
1000.0 2320641
1000.0 2321641
1000.0 2322641
1000.0 2323641
1000.0 2324641
1000.0 2325641
1000.0 2326641
1000.0 2326946
100.0 2327946
100.0 2328946
100.0 2329201
1000.0 2330201
1000.0 2331201
1000.0 2332201
1000.0 2333201
1000.0 2334201
1000.0 2335201
1000.0 2336201
1000.0 2337201
1000.0 2338201
1000.0 2338417
100.0 2338580
1000.0 2339580
1000.0 2340580
1000.0 2341580
1000.0 2342580
1000.0 2343580
1000.0 2344580
1000.0 2345043
